1	0 6001
2	6001 1216
3	7217 5083
4	12300 5906
5	18206 10402
6	28608 1192
7	29800 692
8	30492 681
9	31173 3035
10	34208 777
11	34985 261
12	35246 623
13	35869 416
14	36285 1642
15	37927 3803
16	41730 532
17	42262 1754
18	44016 860
19	44876 253
20	45129 3219
21	48348 1845
22	50193 935
23	51128 996
24	52124 8332
25	60456 1639
26	62095 3091
27	65186 4374
28	69560 2023
29	71583 2638
30	74221 6871
31	81092 1790
32	82882 935
33	83817 5516
34	89333 767
35	90100 1307
36	91407 3778
37	95185 3050
38	98235 903
39	99138 3215
40	102353 3757
41	106110 1924
42	108034 4004
43	112038 2148
44	114186 1073
45	115259 5479
46	120738 4095
47	124833 573
48	125406 1834
49	127240 957
50	128197 2523
51	130720 1221
52	131941 991
53	132932 800
54	133732 5549
55	139281 4391
56	143672 962
57	144634 1210
58	145844 1316
59	147160 1344
60	148504 1450
61	149954 2978
62	152932 2541
63	155473 2825
64	158298 3486
65	161784 5483
66	167267 3583
67	170850 991
68	171841 1104
69	172945 963
70	173908 808
71	174716 1799
72	176515 8693
73	185208 4082
74	189290 4731
75	194021 1424
76	195445 8429
77	203874 856
78	204730 1300
79	206030 4036
80	210066 3506
81	213572 3063
82	216635 996
83	217631 1625
84	219256 2290
85	221546 1245
86	222791 3685
87	226476 1348
88	227824 5827
89	233651 4276
90	237927 4961
91	242888 1068
92	243956 1049
93	245005 1529
94	246534 2513
95	249047 5773
96	254820 706
97	255526 5635
98	261161 3465
99	264626 656
100	265282 891
101	266173 2082
102	268255 1246
103	269501 1709
104	271210 2473
105	273683 1139
106	274822 1666
107	276488 3252
108	279740 2649
109	282389 1266
110	283655 1458
111	285113 1354
112	286467 1641
113	288108 2029
114	290137 1369
115	291506 541
116	292047 1801
117	293848 816
118	294664 1304
119	295968 4091
120	300059 6064
121	306123 1810
122	307933 952
123	308885 2050
124	310935 3116
125	314051 5075
126	319126 1469
127	320595 1074
128	321669 1966
129	323635 1575
130	325210 1966
131	327176 2008
132	329184 2275
133	331459 1137
134	332596 1710
135	334306 2619
136	336925 723
137	337648 1269
138	338917 1089
139	340006 3213
140	343219 1852
141	345071 2582
142	347653 2638
143	350291 1765
144	352056 1122
145	353178 2007
146	355185 1569
147	356754 1524
148	358278 2404
149	360682 7280
150	367962 7289
151	375251 6997
152	382248 867
153	383115 1280
154	384395 1929
155	386324 3842
156	390166 6269
157	396435 4176
158	400611 2548
159	403159 3733
160	406892 3503
161	410395 4286
162	414681 1440
163	416121 3515
164	419636 5821
165	425457 4668
166	430125 10294
167	440419 2787
168	443206 951
169	444157 1369
170	445526 2743
171	448269 498
172	448767 1042
173	449809 6658
174	456467 3401
175	459868 946
176	460814 5044
177	465858 5255
178	471113 3777
179	474890 884
180	475774 1210
181	476984 3588
182	480572 1329
183	481901 4527
184	486428 7500
185	493928 5565
186	499493 3652
187	503145 3048
188	506193 6263
189	512456 2977
190	515433 1124
191	516557 4275
192	520832 1762
193	522594 3347
194	525941 1351
195	527292 1049
196	528341 6690
197	535031 4022
198	539053 3700
199	542753 5008
200	547761 4760
201	552521 1001
202	553522 7532
203	561054 6078
204	567132 5622
205	572754 6740
206	579494 6596
207	586090 6012
208	592102 6840
209	598942 5859
210	604801 5617
211	610418 7617
212	618035 10287
213	628322 7091
214	635413 6440
215	641853 6655
216	648508 11880
217	660388 5780
218	666168 6062
219	672230 6342
220	678572 6892
221	685464 4478
222	689942 6405
223	696347 6889
224	703236 5636
225	708872 6124
226	714996 4341
227	719337 6467
228	725804 6075
229	731879 3647
230	735526 4842
231	740368 6512
232	746880 6149
233	753029 5308
234	758337 5759
235	764096 7095
236	771191 7754
237	778945 3695
238	782640 6765
239	789405 7192
240	796597 5792
241	802389 6073
242	808462 6273
243	814735 6413
244	821148 5888
245	827036 7891
246	834927 5825
247	840752 5152
248	845904 7941
249	853845 5982
250	859827 5507
251	865334 5891
252	871225 2503
253	873728 2066
254	875794 2173
255	877967 6421
256	884388 1230
257	885618 1308
258	886926 1313
259	888239 3681
260	891920 5012
261	896932 2195
262	899127 2258
263	901385 1874
264	903259 894
265	904153 9599
266	913752 4838
267	918590 6134
268	924724 1549
269	926273 869
270	927142 1245
271	928387 3779
272	932166 1818
273	933984 8895
274	942879 1139
275	944018 5183
276	949201 2149
277	951350 2394
278	953744 1516
279	955260 613
280	955873 1424
281	957297 1212
282	958509 1068
283	959577 1403
284	960980 1266
285	962246 5261
286	967507 3894
287	971401 311
288	971712 454
289	972166 3910
290	976076 2911
291	978987 1956
292	980943 796
293	981739 2132
294	983871 2029
295	985900 6584
296	992484 1179
297	993663 1523
298	995186 2074
299	997260 1600
300	998860 1316
301	1000176 2059
302	1002235 8898
303	1011133 8187
304	1019320 729
305	1020049 4627
306	1024676 2835
307	1027511 1796
308	1029307 5976
309	1035283 1737
310	1037020 2428
311	1039448 650
312	1040098 1057
313	1041155 4838
314	1045993 7793
315	1053786 1381
316	1055167 7095
317	1062262 1963
318	1064225 11434
319	1075659 1290
320	1076949 8104
321	1085053 3789
322	1088842 5035
323	1093877 3098
324	1096975 2680
325	1099655 1225
326	1100880 1493
327	1102373 1476
328	1103849 3116
329	1106965 4234
330	1111199 5169
331	1116368 3791
332	1120159 2746
333	1122905 2862
334	1125767 6649
335	1132416 3545
336	1135961 3352
337	1139313 3363
338	1142676 2996
339	1145672 3930
340	1149602 7248
341	1156850 2032
342	1158882 3805
343	1162687 705
344	1163392 1066
345	1164458 6429
346	1170887 3738
347	1174625 7925
348	1182550 2452
349	1185002 6498
350	1191500 2449
351	1193949 5344
352	1199293 3295
353	1202588 4236
354	1206824 5532
355	1212356 1708
356	1214064 2825
357	1216889 3091
358	1219980 407
359	1220387 14759
360	1235146 29650
361	1264796 754
362	1265550 542
363	1266092 1491
364	1267583 2766
365	1270349 1630
366	1271979 864
367	1272843 503
368	1273346 1238
369	1274584 2371
370	1276955 513
371	1277468 747
372	1278215 1665
373	1279880 5626
374	1285506 590
375	1286096 1606
376	1287702 891
377	1288593 824
378	1289417 1083
379	1290500 1100
380	1291600 907
381	1292507 856
382	1293363 1442
383	1294805 1108
384	1295913 1033
385	1296946 939
386	1297885 917
387	1298802 650
388	1299452 854
389	1300306 1607
390	1301913 1655
391	1303568 6434
392	1310002 785
393	1310787 4668
394	1315455 10544
395	1325999 913
396	1326912 8430
397	1335342 2375
398	1337717 3150
399	1340867 1810
400	1342677 1014
401	1343691 883
402	1344574 8895
403	1353469 1966
404	1355435 2630
405	1358065 1965
406	1360030 1594
407	1361624 2293
408	1363917 3847
409	1367764 1785
410	1369549 5820
411	1375369 3084
412	1378453 3388
413	1381841 5337
414	1387178 3185
415	1390363 1845
416	1392208 2231
417	1394439 7532
418	1401971 1503
419	1403474 3090
420	1406564 937
421	1407501 2451
422	1409952 3022
423	1412974 5705
424	1418679 1120
425	1419799 6570
426	1426369 1280
427	1427649 1984
428	1429633 4080
429	1433713 1470
430	1435183 2098
431	1437281 2098
432	1439379 1982
433	1441361 5425
434	1446786 5100
435	1451886 1633
436	1453519 2204
437	1455723 5207
438	1460930 2393
439	1463323 4517
440	1467840 931
441	1468771 2336
442	1471107 2937
443	1474044 2462
444	1476506 2158
445	1478664 3371
446	1482035 3256
447	1485291 2573
448	1487864 3689
449	1491553 1392
450	1492945 3023
451	1495968 5178
452	1501146 4019
453	1505165 1473
454	1506638 1765
455	1508403 3803
456	1512206 3779
457	1515985 5183
458	1521168 2149
459	1523317 10656
460	1533973 1403
461	1535376 4779
462	1540155 5261
463	1545416 1965
464	1547381 1218
465	1548599 4236
466	1552835 311
467	1553146 5532
468	1558678 1708
469	1560386 2825
470	1563211 2231
471	1565442 407
472	1565849 754
473	1566603 7532
474	1574135 542
475	1574677 3196
476	1577873 1491
477	1579364 6061
478	1585425 2721
479	1588146 2766
480	1590912 1746
481	1592658 503
482	1593161 3211
483	1596372 1280
484	1597652 747
485	1598399 1665
486	1600064 5626
487	1605690 5207
488	1610897 4517
489	1615414 590
490	1616004 1606
491	1617610 824
492	1618434 1083
493	1619517 1100
494	1620617 907
495	1621524 856
496	1622380 1442
497	1623822 1108
498	1624930 1033
499	1625963 939
500	1626902 917
501	1627819 650
502	1628469 483
503	1628952 3027
504	1631979 1274
505	1633253 1792
506	1635045 729
507	1635774 2023
508	1637797 1578
509	1639375 2457
510	1641832 1009
511	1642841 924
512	1643765 1172
513	1644937 609
514	1645546 477
515	1646023 4257
516	1650280 4712
517	1654992 1705
518	1656697 1858
519	1658555 1647
520	1660202 1448
521	1661650 990
522	1662640 1047
523	1663687 1855
524	1665542 1550
525	1667092 8859
526	1675951 3859
527	1679810 3665
528	1683475 4348
529	1687823 2395
530	1690218 1205
531	1691423 6780
532	1698203 866
533	1699069 1210
534	1700279 2431
535	1702710 932
536	1703642 1709
537	1705351 2842
538	1708193 613
539	1708806 1178
540	1709984 480
541	1710464 1384
542	1711848 248
543	1712096 2587
544	1714683 1883
545	1716566 3042
546	1719608 1990
547	1721598 1104
548	1722702 1746
549	1724448 6154
550	1730602 4573
551	1735175 1554
552	1736729 8895
553	1745624 5183
554	1750807 5261
555	1756068 3842
556	1759910 7532
557	1767442 3347
558	1770789 6156
559	1776945 6061
560	1783006 3211
561	1786217 1732
562	1787949 4711
563	1792660 3430
564	1796090 1618
565	1797708 4551
566	1802259 6272
567	1808531 4860
568	1813391 5115
569	1818506 4249
570	1822755 2415
571	1825170 5689
572	1830859 4163
573	1835022 4586
574	1839608 5344
575	1844952 4054
576	1849006 7102
577	1856108 3104
578	1859212 70012
579	1929224 6078
580	1935302 5622
581	1940924 6033
582	1946957 5212
583	1952169 1900
584	1954069 5080
585	1959149 3788
586	1962937 1809
587	1964746 6740
588	1971486 3207
589	1974693 1737
590	1976430 6596
591	1983026 5484
592	1988510 5444
593	1993954 6012
594	1999966 6840
595	2006806 4969
596	2011775 3698
597	2015473 4438
598	2019911 3922
599	2023833 4888
600	2028721 3940
601	2032661 6165
602	2038826 6997
603	2045823 1061
604	2046884 9599
605	2056483 4838
606	2061321 6134
607	2067455 1549
608	2069004 2082
609	2071086 869
610	2071955 1245
611	2073200 1645
612	2074845 1246
613	2076091 2761
614	2078852 867
615	2079719 3779
616	2083498 1638
617	2085136 3313
618	2088449 2855
619	2091304 1818
620	2093122 8895
621	2102017 2034
622	2104051 1139
623	2105190 1280
624	2106470 5183
625	2111653 2149
626	2113802 10656
627	2124458 2394
628	2126852 1378
629	2128230 1516
630	2129746 3295
631	2133041 613
632	2133654 1424
633	2135078 1966
634	2137044 1212
635	2138256 1068
636	2139324 1948
637	2141272 1843
638	2143115 1929
639	2145044 483
640	2145527 1403
641	2146930 1071
642	2148001 1266
643	2149267 4779
644	2154046 2323
645	2156369 4379
646	2160748 5261
647	2166009 3894
648	2169903 3842
649	2173745 2630
650	2176375 6269
651	2182644 5525
